stq		H-H		    H-He		He-He

a_1     7.09539     11.49538    10.34329
a_2     -17.19110  -25.99090    -23.68667
a_3     9.09555     13.49545    12.34334
alp     16.30010    25.06466    22.76733
lam     15.66269    14.57866    15.14296
gam     2.49940     2.19783     1.59236
bst     13.16329    12.38083    13.55060
Ast     6.2528d6    2.31539d6   3.5552d6
C6s     1.37704     1.43308     1.34992
C8s     0.42993     0.47909     0.41469
C10     0.18522     0.22501     0.17155
C12     0.11012     0.14847     0.09557
C14     0.09034     0.13762     0.07170
C16     0.10228     0.17921     0.07244
